<?xml version="1.0" encoding="UTF-8" standalone="no"?>
<svg width="30px" height="32px" viewBox="0 0 30 32" version="1.1" xmlns="http://www.w3.org/2000/svg" xmlns:xlink="http://www.w3.org/1999/xlink">
    <!-- Generator: Sketch 43.1 (39012) - http://www.bohemiancoding.com/sketch -->
    <title>Shape</title>
    <desc>Created with Sketch.</desc>
    <defs></defs>
    <g id="001---Adv-Setup-Summary" stroke="none" stroke-width="1" fill="none" fill-rule="evenodd">
        <g id="Adv-Setup-Summary-Expanded-Sidenav-UCI-standard" transform="translate(-496.000000, -229.000000)" fill="#000000">
            <g id="Content-Panel" transform="translate(311.000000, 97.000000)">
                <g id="Group-4" transform="translate(11.000000, 92.000000)">
                    <g id="Group-6-Copy" transform="translate(126.000000, 29.000000)">
                        <g id="e716" transform="translate(48.000000, 11.000000)">
                            <path d="M25.245536,12.1650085 C25.9709817,12.5205534 26.6266743,12.9595967 27.2126114,13.4821396 C27.7985486,14.0046825 28.2979909,14.5864817 28.7109371,15.2275395 C29.1238834,15.8685974 29.4419646,16.5581382 29.6651783,17.296162 C29.8883931,18.0341859 30,18.7964518 30,19.5829597 L27.8571429,19.5829597 C27.8571429,18.7318081 27.6869417,17.9291396 27.3465406,17.174954 C27.0061383,16.4207684 26.5457589,15.76355 25.9654023,15.2032975 C25.3850446,14.6430461 24.7042411,14.1986155 23.9229909,13.8700058 C23.1417406,13.5413971 22.3102674,13.3770922 21.4285714,13.3770922 C20.5468754,13.3770922 19.7154023,13.5413971 18.934152,13.8700058 C18.1529017,14.1986155 17.4720983,14.6430461 16.8917406,15.2032975 C16.311384,15.76355 15.8510046,16.4207684 15.5106023,17.174954 C15.1702011,17.9291396 15,18.7318081 15,19.5829597 C15,20.5634007 14.7684149,21.4953576 14.3052457,22.3788326 C13.8420754,23.2623065 13.2031246,23.9949431 12.3883931,24.5767435 C13.1138389,24.9322884 13.7695314,25.3713317 14.3554686,25.8938746 C14.9414057,26.4164175 15.440848,26.9982167 15.8537943,27.6392746 C16.2667406,28.2803324 16.5848217,28.9698732 16.8080354,29.7078971 C17.0312503,30.4459209 17.1428571,31.2081868 17.1428571,31.9946947 L15,31.9946947 C15,31.1435431 14.8297989,30.3408746 14.4893977,29.586689 C14.1489954,28.8325035 13.688616,28.175285 13.1082594,27.6150325 C12.5279017,27.0547811 11.8470983,26.6103505 11.065848,26.2817408 C10.2845977,25.9531321 9.45312457,25.7888272 8.57142857,25.7888272 C7.68973257,25.7888272 6.85825943,25.9531321 6.07700914,26.2817408 C5.29575886,26.6103505 4.61495543,27.0547811 4.03459771,27.6150325 C3.45424114,28.175285 2.99386171,28.8325035 2.65345943,29.586689 C2.31305829,30.3408746 2.14285714,31.1435431 2.14285714,31.9946947 L0,31.9946947 C0,31.2081868 0.111606857,30.4459209 0.334821714,29.7078971 C0.558035429,28.9698732 0.876116571,28.2803324 1.28906286,27.6392746 C1.70200914,26.9982167 2.20145143,26.4164175 2.78738857,25.8938746 C3.37332571,25.3713317 4.02901829,24.9322884 4.754464,24.5767435 C3.93973257,23.9949431 3.30078171,23.2623065 2.83761143,22.3788326 C2.37444229,21.4953576 2.14285714,20.5634007 2.14285714,19.5829597 C2.14285714,18.7318081 2.31305829,17.9291396 2.65345943,17.174954 C2.99386171,16.4207684 3.45424114,15.76355 4.03459771,15.2032975 C4.61495543,14.6430461 5.29575886,14.1986155 6.07700914,13.8700058 C6.85825943,13.5413971 7.68973257,13.3770922 8.57142857,13.3770922 C9.58705371,13.3770922 10.5524549,13.6006546 11.4676343,14.0477782 C12.3828126,14.494903 13.1417406,15.1117188 13.7444194,15.8982256 C14.1685269,15.0901698 14.7098217,14.3683077 15.368304,13.7326371 C16.0267863,13.0969665 16.7745531,12.5744236 17.6116069,12.1650085 C16.7968754,11.5832081 16.1579246,10.8505715 15.6947543,9.96709762 C15.2315851,9.0836226 15,8.15166568 15,7.17122467 C15,6.32007312 15.1702011,5.51740456 15.5106023,4.763219 C15.8510046,4.00903344 16.311384,3.35181497 16.8917406,2.79156249 C17.4720983,2.23131111 18.1529017,1.78688053 18.934152,1.45827074 C19.7154023,1.12966206 20.5468754,0.965357167 21.4285714,0.965357167 C22.3102674,0.965357167 23.1417406,1.12966206 23.9229909,1.45827074 C24.7042411,1.78688053 25.3850446,2.23131111 25.9654023,2.79156249 C26.5457589,3.35181497 27.0061383,4.00903344 27.3465406,4.763219 C27.6869417,5.51740456 27.8571429,6.32007312 27.8571429,7.17122467 C27.8571429,8.15166568 27.6255577,9.0836226 27.1623886,9.96709762 C26.6992183,10.8505715 26.0602674,11.5832081 25.245536,12.1650085 Z M8.57142857,23.7202047 C9.15178514,23.7202047 9.70424114,23.60977 10.2287943,23.3889018 C10.7533486,23.1680336 11.2081474,22.8717462 11.593192,22.5000407 C11.9782366,22.1283351 12.2851566,21.6919849 12.5139509,21.190991 C12.7427451,20.689996 12.8571429,20.1539855 12.8571429,19.5829597 C12.8571429,19.0227083 12.7427451,18.4893909 12.5139509,17.9830098 C12.2851566,17.4766276 11.9782366,17.0375842 11.593192,16.6658787 C11.2081474,16.2941732 10.7533486,15.9978857 10.2287943,15.7770175 C9.70424114,15.5561493 9.15178514,15.4457147 8.57142857,15.4457147 C7.97991086,15.4457147 7.42466514,15.5561493 6.90569143,15.7770175 C6.38671886,15.9978857 5.93470971,16.2941732 5.54966514,16.6658787 C5.16462057,17.0375842 4.85770057,17.4766276 4.62890629,17.9830098 C4.400112,18.4893909 4.28571429,19.0227083 4.28571429,19.5829597 C4.28571429,20.1539855 4.400112,20.689996 4.62890629,21.190991 C4.85770057,21.6919849 5.16462057,22.1283351 5.54966514,22.5000407 C5.93470971,22.8717462 6.38671886,23.1680336 6.90569143,23.3889018 C7.42466514,23.60977 7.97991086,23.7202047 8.57142857,23.7202047 Z M17.1428571,7.17122467 C17.1428571,7.74225054 17.2572549,8.27826097 17.4860491,8.77925596 C17.7148434,9.28024985 18.0217634,9.71660012 18.406808,10.0883057 C18.7918526,10.4600112 19.2438617,10.7562986 19.7628343,10.9771668 C20.281808,11.198035 20.8370537,11.3084697 21.4285714,11.3084697 C22.008928,11.3084697 22.561384,11.198035 23.0859371,10.9771668 C23.6104914,10.7562986 24.0652903,10.4600112 24.4503349,10.0883057 C24.8353794,9.71660012 25.1422994,9.28024985 25.3710937,8.77925596 C25.599888,8.27826097 25.7142857,7.74225054 25.7142857,7.17122467 C25.7142857,6.6109733 25.599888,6.07765594 25.3710937,5.5712748 C25.1422994,5.06489256 24.8353794,4.62584922 24.4503349,4.25414369 C24.0652903,3.88243815 23.6104914,3.58615073 23.0859371,3.36528253 C22.561384,3.14441432 22.008928,3.03397967 21.4285714,3.03397967 C20.8370537,3.03397967 20.281808,3.14441432 19.7628343,3.36528253 C19.2438617,3.58615073 18.7918526,3.88243815 18.406808,4.25414369 C18.0217634,4.62584922 17.7148434,5.06489256 17.4860491,5.5712748 C17.2572549,6.07765594 17.1428571,6.6109733 17.1428571,7.17122467 Z" id="Shape"></path>
                        </g>
                    </g>
                </g>
            </g>
        </g>
    </g>
</svg>